0943299051
0943299052
0943299053
0943299054
0943299055
0943299056
0943299057
0943299058
0943299059                                                                                         
0943299061
0943299062
0943299063
0943299064
0943299065
0943299066
0943299067
0943299068
0943299069
0943299070
0943299071
0943299072
0943299073
0943299074
0943299075
0943299076
0943299077
0943299078
0943299079
0943299080
0943299081
0943299082
0943299083
0943299084
0943299085
0943299086
0943299087
0943299088
0943299089
0943299090
0943299091
0943299092
0943299093
0943299094
0943299095
0943299096
0943299097
0943299098
0943299099
0943299100
0943299101
0943299102
0943299103
0943299104
0943299105
0943299106
0943299107
0943299108
0943299109
0943299110
0943299111
0943299112
0943299113
0943299114
0943299115
0913299051
0913299052
0913299053
0913299054
0913299055
0913299056
0913299057
0913299058
0913299059
0913299060
0913299061
0913299062
0913299063
0913299064
0913299065
0913299066
0913299067
0913299068
0913299069
0913299070
0913299071
0913299072
0913299073
0913299074
0913299075
0913299076
0913299077
0913299078
0913299079
0913299080
0913299081
0913299082
0913299083
0913299084
0913299085
0913299086
0913299087
0913299088
0913299089
0913299090
0913299091
0913299092
0913299093
0913299094
0913299095
0913299096
0913299097                                                                                         
0913299099
0913299100
0913299101
0913299102
0913299103
0913299104
0913299105
0913299106
0913299107
0913299108
0913299109
0913299110
0913299111
0913299112
0913299113
0913299114
0913299115
0913299116
0913299117
0913299118
0913299119
0913299120
0913299121
0913299122
0913299123
0913299124
0913299125
0913299126
0913299127
0913299128
0913299129
0913299130
0913299131
0913299132
0913299133
0913299134
0913299135
0913299136
0913299137
0913299138
0913299139
0913299140
0913299141
0913299142
0913299143
0913299144
0913299145
0913299146
0913299147
0913299148
0913299149
0913299150
0913299151
0913299152
0913299153
0913299154
0913299155
0913299156
0913299157
0913299158
0913299159
0913299160
0913299161
0913299162
0913299163